713 192
909 555
486 18
948 47
725 1
598 348
637 546
862 483
363 405
213 429
931 43
908 441
501 595
362 307
768 285
309 1
589 910
185 383
387 450
402 658
986 567
864 521
678 517
926 544
426 812
463 479
902 775
670 535
159 300
127 788
762 261
88 125
653 448
846 632
937 370
757 707
423 347
519 758
318 91
664 300
431 227
836 65
213 853
558 317
372 557
622 437
797 377
261 323
715 340
584 444
693 704
39 591
168 969
185 806
88 15
414 364
332 692
16 319
51 924
471 495
230 577
936 420
396 790
481 694
124 596
291 957
986 416
164 409
809 717
9 948
777 670
725 356
565 220
304 349
613 85
246 162
643 830
82 820
955 927
391 115
52 164
924 913
469 885
146 726
246 251
723 374
4 106
560 151
200 694
22 559
557 270
791 314
101 822
113 168
111 776
693 925
382 626
862 330
409 443
843 602
2 206
107 503
422 689
964 226
232 648
152 457
18 562
901 218
113 789
799 30
699 982
924 865
288 784
92 590
98 230
67 640
171 76
685 266
826 398
245 640
681 236
417 39
981 694
989 287
403 353
978 857
132 460
91 139
53 852
60 832
901 378
808 900
219 911
421 717
612 974
798 526
942 327
989 253
44 428
323 92
199 780
805 789
957 230
780 22
952 471
930 275
174 868
100 883
320 491
928 643
313 76
84 735
589 381
184 575
723 178
402 166
585 332
452 965
314 8
940 190
423 392
160 693
711 599
443 376
244 246
689 272
236 932
667 360
368 314
607 241
781 563
31 664
572 635
588 303
448 71
799 464
116 794
443 209
238 192
499 376
892 354
964 336
201 466
110 228
356 985
860 16
990 388
877 983
662 901
295 374
466 638
440 752
244 224
176 195
15 409
918 463
516 772
709 759
13 43
994 32
310 967
949 486
683 24
138 478
769 696
259 638
933 953
227 409
403 231
418 606
317 496
288 416
40 200
768 353
972 97
491 559
520 104
541 24
143 155
928 138
515 262
611 539
692 813
366 967
501 139
333 8
372 544
438 768
76 338
841 66
305 499
596 78
167 648
272 91
846 281
835 526
302 220
282 65
892 620
883 407
166 999
749 628
889 478
332 2
36 605
261 958
400 682
330 360
934 370
562 905
133 935
792 47
927 822
967 300
704 300
991 965
738 673
566 918
447 717
494 747
180 966
414 841
421 868
0 562
547 364
231 591
136 544
627 409
979 519
987 256
356 329
461 372
557 267
44 90
890 401
615 910
519 881
346 295
853 348
620 152
553 520
220 562
673 824
712 351
948 205
427 585
933 85
138 985
242 594
700 748
471 998
284 400
715 234
692 348
428 262
496 525
212 995
756 260
871 116
402 405
951 890
468 627
62 214
410 455
47 858
969 552
162 121
952 900
954 149
864 644
205 799
864 245
815 944
330 851
443 134
222 792
103 579
88 746
963 952
632 67
310 246
887 90
493 485
785 471
345 445
867 51
868 122
217 101
744 357
772 617
187 540
191 644
858 580
813 539
217 981
529 840
453 404
74 910
678 318
984 316
941 671
47 573
765 19
151 81
785 748
181 956
546 994
899 604
939 192
286 32
523 979
529 595
550 918
606 872
369 208
948 264
808 959
90 702
334 206
966 148
487 658
202 23
845 546
307 460
998 893
240 518
14 205
316 560
798 817
23 308
825 160
63 766
551 401
110 371
264 16
249 899
830 715
509 381
839 282
774 858
110 61
69 209
93 487
149 570
321 712
578 558
834 33
462 19
118 656
993 694
537 260
285 537
634 386
452 308
117 309
686 39
48 333
138 342
869 790
680 701
811 969
785 554
41 599
532 195
113 82
830 964
364 886
669 491
231 356
681 39
450 520
664 322
41 144
468 751
721 469
315 382
512 38
290 781
673 223
199 201
43 441
602 730
590 531
342 364
929 942
698 433
770 166
143 540
307 476
446 729
629 688
176 401
796 228
496 153
327 860
624 89
370 25
903 586
762 845
124 865
332 537
442 120
802 979
56 988
139 507
796 281
750 651
267 745
507 7
327 235
558 34
262 104
249 824
971 945
900 850
779 253
748 292
798 111
77 459
247 675
645 994
106 841
175 347
538 578
825 74
124 656
418 373
971 378
203 688
752 812
529 766
414 413
28 458
328 658
144 578
856 864
741 557
204 694
165 459
838 401
489 395
185 266
856 346
372 266
829 607
276 701
980 980
226 148
218 838
741 173
974 77
102 901
567 111
911 613
451 551
438 402
81 812
100 518
763 276
28 517
500 919
362 106
442 327
818 399
40 453
882 627
747 343
557 510
743 845
989 784
253 604
428 936
827 570
719 401
832 375
216 246
690 636
982 45
222 622
275 146
363 243
98 778
948 421
283 280
992 636
604 21
592 285
93 904
764 656
864 461
114 520
412 153
348 764
965 332
685 138
401 655
928 395
841 277
724 714
466 414
368 781
439 15
607 110
709 901
312 924
730 759
981 650
771 564
550 17
401 514
826 241
119 701
217 418
587 552
24 818
854 38
137 999
82 241
191 803
655 916
19 568
26 668
494 657
738 688
900 544
640 122
873 246
282 894
187 77
988 407
291 881
637 705
681 845
609 137
19 489
776 504
961 681
698 654
168 377
829 604
442 989
333 418
695 493
398 399
138 182
753 966
473 963
241 357
178 170
729 738
487 27
236 158
14 219
968 915
856 719
247 634
684 76
828 916
415 251
415 227
793 81
756 929
407 869
622 350
825 827
588 847
120 589
326 505
782 449
78 638
321 302
789 726
653 664
209 582
597 571
664 278
582 468
11 412
217 866
898 111
898 52
792 950
161 380
771 998
341 1
2 946
224 122
467 69
123 326
216 99
470 937
677 301
716 641
201 212
273 695
999 341
65 984
264 354
879 243
686 137
102 853
975 813
152 600
716 346
992 674
797 751
942 922
700 372
62 461
794 243
821 758
713 19
530 389
488 910
405 358
980 477
623 466
337 778
877 779
845 642
898 168
317 326
487 96
831 702
42 684
187 518
737 437
822 717
497 341
596 376
879 641
113 526
458 668
853 820
27 263
898 929
203 195
635 499
647 601
162 968
442 929
422 481
728 864
968 721
986 877
664 995
186 657
297 481
389 214
109 785
264 120
110 258
936 393
123 76
874 857
843 909
667 274
832 232
374 353
683 41
912 312
321 187
345 809
703 34
450 517
735 916
757 115
134 481
813 364
89 764
803 578
484 266
610 585
478 632
312 190
149 353
761 4
265 532
145 693
408 244
798 749
229 57
120 91
318 83
430 753
377 103
174 514
257 819
193 723
227 67
961 882
751 70
335 299
990 730
781 802
455 907
157 242
149 779
748 964
825 780
671 67
727 633
768 908
223 466
357 892
803 566
45 769
384 739
48 578
875 857
330 19
953 100
155 248
131 544
502 642
332 231
228 152
888 270
156 93
994 878
138 855
938 814
137 344
890 821
174 373
908 189
283 708
770 35
412 66
745 123
265 610
618 985
560 354
206 402
247 160
150 305
171 897
101 213
328 626
194 551
462 40
765 914
324 777
893 459
699 293
956 184
26 551
160 125
209 102
383 417
868 57
710 135
14 351
14 377
351 955
636 774
412 398
995 932
354 263
927 889
446 141
761 379
4 62
490 40
378 880
406 783
623 172
879 557
998 922
643 564
881 488
987 974
332 980
856 783
456 73
140 680
240 118
314 576
131 737
148 61
502 795
647 376
549 933
253 551
14 537
615 996
643 403
324 106
346 246
434 607
930 491
112 693
692 892
765 371
636 718
457 521
514 605
551 841
97 249
371 160
556 918
109 187
344 226
282 391
954 464
236 696
101 713
990 571
584 754
701 40
442 312
190 863
499 384
200 12
808 611
254 868
962 799
484 215
172 449
410 312
655 741
530 207
836 384
826 839
846 325
63 587
153 60
886 748
451 361
464 726
309 96
337 481
813 870
525 410
900 914
904 465
591 779
56 798
12 755
282 149
883 857
429 416
558 725
102 748
375 580
257 467
764 379
170 696
473 247
165 170
771 267
664 967
908 644
178 42
224 14
872 696
195 18
548 971
533 63
34 921
427 724
273 383
946 184
674 23
538 736
105 362
294 863
157 358
372 285
469 335
149 718
360 548
2 739
521 481
944 166
14 562
747 702
587 271
699 155
880 314
380 11
484 733
704 523
308 233
457 177
732 578
502 854
456 30
212 137
591 20
366 62
69 1
154 110
732 869
81 216
46 468
651 437
890 625
685 266
600 741
112 230
346 597
887 306
706 18
573 552
818 441
488 60
908 234
14 512
998 54
314 652
17 522
475 322
751 681
930 592
150 733
470 542
461 342
709 951
938 51
409 252
358 860
588 588
950 19
314 712
447 119
826 266
380 848
600 750
951 161
490 873
106 726
925 534
504 519
619 95
14 5
947 609
751 770
214 240
80 725
81 433
609 650
324 23
389 976
349 36
718 308
506 809
791 996
57 746
248 469
566 16
712 61
345 642
986 653
640 102
926 430
496 936
82 853
972 469
37 817
776 282
849 376
357 237
50 409
976 429
783 557
489 430
468 215
781 684
217 170
777 201
323 650
340 801
277 874
479 714
371 213
963 194
202 776
967 464
927 636
965 869
403 553
320 595
879 214
661 115
618 958
426 365
420 308
359 648
710 167
584 929
129 304
476 896
479 576
941 735
250 679
276 12
799 63
520 285
533 335
347 459
824 291
945 567
797 817
454 968
338 446
275 775
972 47
421 714
619 548
850 629
438 790
392 607
702 10
620 919
258 693
372 959
455 959
482 593
521 572
965 895
539 205
461 351
159 310
195 50
538 264
947 870
623 526
199 409
254 981
65 750
401 805
108 812
51 812
568 113
390 322
168 783
799 655
977 237
991 592
602 134
729 560
251 622
811 419
99 304
923 638
594 492
879 754
911 230
25 8
927 403
341 894
651 29
737 335
148 653
168 673
302 503
602 416
430 825
716 88
449 918
519 807
275 543
664 777
153 217
267 93
931 706
469 501
729 756
317 43
625 4
853 774
523 420
347 188
225 612
462 914
998 784
752 630
841 587
167 917
654 417
887 321
457 498
976 106
784 386
983 238
741 837
251 403
268 72
822 144
15 354
71 724
172 530
704 54
967 138
881 763
537 321
304 622
853 199
658 258
707 369
563 307
291 4
54 419
383 590
321 240
877 312
633 226
192 503
501 251
394 890
617 887
192 366
602 994
658 325
688 745
325 806
229 664
903 125
529 267
759 219
72 608
78 336
632 642
622 949
418 680
509 398
188 956
949 220
761 248
620 849
878 602
291 229
266 456
430 253
409 998
103 347
605 749
471 400
418 949
689 206
843 667
420 883
798 30
574 423
497 931
632 294
696 169
946 377
965 647
851 895
138 297
444 337
461 209
674 660
0 42
863 407
725 439
324 819
523 162
525 106
111 801
849 393
185 979
348 31
922 529
35 184
383 943
307 523
165 785
102 102
65 674
323 251
642 160
177 660
854 308
159 475
813 629
435 68
286 636
822 779
797 786
953 754
21 853
214 755
127 857
364 140
303 620
264 984
720 834
253 458
220 247
337 68
657 99
547 685
931 47
484 305
842 990
921 179
160 518
570 598
585 134
338 321
311 841
876 744
921 721
478 727
680 575
685 618
294 687
181 439
611 592
522 909
653 224
184 942
803 7
811 600
110 402
908 337
869 296
961 712
371 937
120 585
655 890
439 560
280 444
259 143
595 533
220 194
395 862
817 136
91 251
637 204
42 522
957 153
260 979
532 740
873 790
70 107
957 801
237 380
564 360
347 856
799 519
325 638
190 820
496 587
52 431
924 575
666 131
505 948
89 374
289 72
752 764
28 441
373 554
130 496
572 158
897 318
714 180
699 675
340 596
362 765
1 631
843 877
488 583
517 198
896 670
236 551
538 791
735 552
796 897
554 857
485 898
360 877
105 216
640 373
56 699
859 522
623 254
240 706
378 316
484 388
156 263
369 510
573 27
402 715
606 425
168 19
996 552
4 514
831 30
274 570
374 485
374 684
753 824
749 442
747 444
219 80
730 28
908 665
155 228
81 534
247 239
762 465
12 324
74 712
961 651
851 940
179 382
95 473
213 418
120 584
591 781
309 528
397 49
953 524
834 390
753 878
762 495
210 528
905 170
173 427
955 947
336 185
457 658
723 892
732 144
795 826
226 273
302 160
250 779
980 395
909 750
182 925
467 787
557 900
831 190
530 959
897 480
150 258
966 389
749 354
709 773
827 642
992 438
91 530
653 398
0 593
833 230
954 81
584 26
208 689
523 517
132 753
334 369
487 198
828 620
129 629
642 182
813 380
838 751
431 764
930 269
787 211
48 771
179 110
763 838
125 715
279 945
911 268
111 720
856 456
249 777
396 923
272 310
267 870
574 327
14 921
564 357
591 197
95 177
773 374
464 467
961 461
841 951
928 836
87 313
484 827
400 761
753 440
699 562
450 762
830 972
213 318
959 609
282 810
619 421
755 655
581 150
80 805
164 99
122 958
275 89
945 780
774 513
741 958
326 261
445 213
97 865
840 254
641 22
326 872
695 353
25 420
316 91
101 101
20 537
898 509
863 60
650 839
413 435
219 203
662 196
802 483
643 561
522 565
436 23
896 89
655 578
260 82
961 45
622 105
853 182
330 741
822 917
322 15
963 652
751 682
998 274
444 280
464 522
95 951
325 465
468 642
879 29
231 188
170 80
118 903
811 340
25 970
590 456
527 538
890 233
494 263
611 860
423 671
156 935
371 112
159 711
782 327
83 348
951 414
825 185
952 257
331 376
313 577
32 899
579 682
176 780
467 815
937 685
238 94
68 492
699 845
879 686
466 715
744 93
591 844
874 644
754 84
191 519
678 693
899 951
572 308
528 643
515 693
635 274
126 631
75 405
827 537
641 370
203 932
792 626
411 883
891 964
246 884
997 243
765 978
89 474
556 332
414 8
833 533
686 463
900 630
692 246
390 793
568 310
623 332
801 185
928 973
757 630
265 757
200 913
257 477
166 368
232 421
623 97
58 300
542 559
122 593
701 211
408 344
249 934
137 208
958 340
849 545
679 109
304 322
660 294
638 873
344 228
756 516
285 648
217 932
327 414
5 154
922 672
461 794
784 359
388 339
67 985
379 0
259 462
53 521
453 964
641 938
57 411
164 813
430 155
538 604
76 785
641 46
37 689
411 299
224 221
6 275
340 603
345 456
70 484
589 76
159 777
165 140
254 680
436 556
293 685
66 869
913 548
194 577
627 458
19 431
399 835
313 162
158 525
807 116
124 580
980 24
103 823
423 684
34 208
895 957
974 25
244 133
100 906
892 311
249 591
547 923
294 845
50 901
787 421
730 928
832 633
53 72
72 836
722 709
706 455
11 35
981 973
308 654
295 103
163 563
962 460
302 410
11 200
53 552
609 358
133 993
391 200
534 322
582 43
122 571
434 400
699 107
230 628
831 519
582 833
626 395
778 429
385 241
386 744
830 6
3 972
605 65
836 349
170 0
677 823
380 803
245 359
506 153
637 130
833 905
543 793
695 769
445 502
55 578
183 304
561 381
37 282
813 182
172 931
324 375
33 158
947 168
800 209
893 169
759 938
860 562
12 894
156 394
687 211
516 795
549 861
882 615
523 134
449 548
227 742
410 682
726 467
540 974
814 25
729 583
23 610
415 229
129 9
479 417
948 273
621 640
745 282
557 625
985 339
990 246
229 763
62 823
177 369
890 425
781 596
544 6
713 821
931 614
612 385
98 172
649 18
525 987
191 196
229 591
716 757
0 104
813 638
805 832
588 470
66 822
159 54
415 51
545 535
558 490
831 183
370 421
17 3
545 890
674 246
248 980
966 472
913 438
48 402
643 306
677 837
199 968
696 562
474 130
643 660
43 412
414 146
915 233
712 208
276 800
287 21
384 61
229 496
351 652
593 819
660 65
191 562
741 499
797 589
469 79
107 720
471 672
543 876
921 131
506 486
491 921
170 421
978 558
484 993
150 959
765 487
788 121
70 833
113 995
498 826
308 893
334 199
741 930
468 697
840 985
515 119
353 666
686 345
923 275
407 959
809 362
496 895
583 773
342 806
822 605
491 342
874 273
574 197
618 671
897 902
284 821
839 225
74 774
352 61
13 88
786 14
828 114
310 153
113 714
660 917
456 396
867 548
901 647
841 814
873 98
27 286
240 28
883 910
931 129
491 62
605 200
82 538
52 969
970 425
669 964
794 529
20 221
799 528
871 707
626 662
814 631
606 302
506 130
121 35
495 112
165 952
175 192
825 87
140 85
200 618
537 815
678 320
789 66
403 888
446 57
389 825
446 123
886 498
309 299
863 621
338 773
895 894
591 612
349 801
216 249
894 553
767 606
795 813
344 921
370 422
692 332
511 115
716 913
958 701
852 906
272 967
249 958
248 260
993 304
889 572
941 218
574 322
181 47
949 189
936 605
193 902
598 193
938 185
805 437
443 124
68 532
440 252
104 7
386 303
624 520
889 21
943 571
348 719
77 292
680 946
738 339
267 925
153 716
724 301
36 899
281 282
386 885
611 722
937 290
426 507
626 119
625 990
840 728
286 335
652 346
168 841
961 814
125 278
295 673
311 20
182 440
507 651
776 529
158 939
339 629
699 315
777 314
621 980
222 245
702 708
942 868
434 30
209 410
491 134
324 211
473 650
853 903
966 437
467 708
411 813
503 3
587 540
723 93
146 563
621 751
689 682
63 584
209 485
111 155
632 353
702 759
533 204
232 268
301 313
103 441
600 915
611 737
259 961
810 484
90 328
624 89
202 238
35 816
920 266
238 941
778 146
896 346
0 660
712 980
701 862
400 661
472 456
867 978
106 791
579 610
339 861
451 175
94 572
198 329
109 362
83 429
882 669
270 845
132 311
411 474
570 45
769 268
247 210
857 354
10 569
682 180
112 615
19 765
241 247
860 55
972 791
785 151
647 439
19 815
863 362
349 122
784 437
512 986
89 492
228 517
960 908
875 414
797 51
243 568
374 891
945 829
911 278
28 117
347 636
149 378
355 367
153 912
930 655
848 970
371 34
373 975
863 387
202 812
871 419
872 171
418 781
816 201
275 75
873 757
323 863
550 515
678 820
19 897
60 386
572 89
399 568
42 997
100 355
899 953
840 421
221 890
656 857
398 653
229 523
699 874
466 741
68 702
595 683
896 840
740 664
274 435
475 705
663 618
467 640
602 139
38 907
254 490
982 626
880 198
160 592
959 232
309 545
313 247
934 74
755 409
772 37
748 972
634 123
38 371
263 108
163 876
675 107
864 246
750 149
64 199
96 632
280 700
40 87
874 978
724 75
200 384
577 350
567 64
960 801
494 243
181 438
65 281
157 783
902 458
476 669
195 398
545 389
914 128
542 589
571 626
255 868
756 466
782 511
199 322
881 103
664 694
169 80
506 254
655 789
5 602
605 327
485 461
527 125
706 203
772 844
696 380
805 879
603 874
40 363
576 263
385 673
922 272
262 551
480 694
886 384
408 355
893 998
170 961
198 930
403 854
270 979
469 260
41 66
583 69
427 598
158 411
573 819
392 157
985 398
128 958
852 651
835 592
272 735
918 414
75 802
26 351
135 900
605 309
847 344
254 965
938 589
669 914
775 713
525 842
718 249
382 2
143 740
451 37
145 390
653 928
976 847
338 121
604 691
270 837
611 205
316 752
922 36
401 15
717 80
933 738
576 245
574 6
841 142
939 295
941 909
491 194
979 543
432 968
89 189
491 710
41 60
844 609
735 646
5 984
186 346
653 146
20 198
348 502
936 853
112 641
207 635
499 329
791 956
894 248
113 421
383 181
853 435
626 493
500 392
799 543
802 636
664 460
678 375
940 461
751 812
125 215
613 434
403 481
840 540
259 86
65 768
711 694
988 645
467 7
446 925
553 465
593 522
786 262
81 421
650 464
282 633
686 957
600 558
869 382
731 130
680 437
845 578
664 460
65 846
706 635
585 330
265 17
668 80
776 108
674 363
330 251
630 959
520 888
727 396
798 331
946 570
491 842
272 670
92 909
112 994
132 637
968 498
833 868
45 186
909 624
789 126
880 818
557 354
767 963
412 408
379 237
851 487
984 543
503 128
672 715
13 636
572 970
696 618
886 143
882 525
766 368
949 353
943 896
205 878
341 34
596 957
958 793
825 695
530 242
446 853
344 411
116 322
582 149
149 397
812 692
262 243
742 207
215 89
725 275
648 599
584 202
714 456
868 296
528 149
117 934
592 473
208 648
841 615
463 378
562 160
639 759
325 265
466 129
783 546
596 205
188 33
812 45
563 276
233 321
284 421
926 128
34 535
347 320
465 63
202 213
588 751
419 622
611 196
292 99
920 654
121 186
724 760
564 953
187 213
321 374
665 195
728 331
415 412
223 925
830 494
324 899
143 237
700 619
500 638
763 336
639 596
744 768
861 840
52 498
22 721
415 109
955 515
271 339
716 963
935 276
422 376
904 887
590 718
670 995
701 349
617 996
983 998
261 497
857 53
545 90
287 801
513 304
519 1
432 836
453 841
350 785
364 210
378 437
566 711
332 890
0 915
642 164
125 40
828 243
438 11
174 335
930 804
906 379
696 337
759 627
822 921
458 455
948 518
95 586
435 916
652 716
363 862
730 946
893 303
105 776
670 430
807 717
229 395
813 516
194 615
543 67
426 304
933 572
163 97
730 657
32 744
24 644
881 576
894 700
459 927
768 316
943 106
49 742
66 677
496 245
65 543
356 704
22 681
340 850
971 879
264 382
450 231
830 239
774 127
362 134
698 739
621 341
900 644
768 552
630 124
301 115
233 269
282 894
901 809
379 470
130 684
820 621
164 822
256 777
303 85
928 2
7 304
427 405
345 406
230 502
12 484
417 122
494 181
374 90
109 627
822 923
458 828
10 747
219 313
499 78
670 704
334 334
13 569
528 769
699 461
881 396
833 930
688 806
885 43
636 103
535 852
313 207
705 100
847 459
147 299
995 490
489 339
600 893
873 27
694 205
956 341
781 455
993 385
598 466
648 275
878 929
738 440
688 660
458 222
102 377
424 561
620 440
938 225
33 876
407 9
954 549
74 611
165 986
503 998
263 563
685 681
626 309
448 58
159 263
650 223
348 770
605 302
514 677
135 912
605 494
155 776
417 268
392 489
485 273
632 789
591 661
711 98
780 254
214 838
482 932
755 180
36 56
815 143
449 133
603 691
481 31
232 403
709 55
482 932
922 336
536 145
98 556
730 544
567 792
103 433
172 807
107 679
554 225
153 447
244 180
490 982
432 955
922 391
307 266
796 177
207 796
554 142
299 876
571 464
719 735
112 295
819 595
676 14
675 9
400 867
489 157
649 660
111 742
127 607
407 737
626 34
89 424
235 66
704 288
492 951
641 536
989 131
385 21
620 571
387 803
808 518
714 645
402 155
281 53
841 8
53 96
977 301
107 280
134 342
27 885
395 703
984 182
945 954
315 217
222 180
820 994
781 965
357 544
883 374
130 83
85 989
624 562
931 972
489 649
289 200
770 935
970 197
681 645
785 879
574 867
374 835
988 797
122 4
44 714
111 161
135 453
622 219
342 428
454 461
584 558
814 756
495 50
175 14
919 242
497 463
484 350
809 734
783 725
155 438
500 127
826 64
763 678
73 46
202 82
869 82
299 747
121 157
47 777
573 484
687 856
925 621
674 936
625 503
248 992
598 359
945 706
824 855
211 826
874 89
207 824
124 545
727 517
23 696
598 905
185 853
315 243
776 70
836 787
164 460
835 489
597 124
943 496
453 954
90 517
924 168
514 353
199 189
183 726
748 160
800 599
205 51
18 15
118 365
574 387
581 936
453 444
117 721
450 869
742 789
557 939
380 136
224 866
130 801
23 28
732 674
305 428
342 284
645 721
525 983
547 6
599 390
441 446
473 409
478 5
205 988
222 265
542 85
603 767
882 963
580 250
898 482
333 703
913 282
738 884
151 647
57 927
193 612
43 474
878 177
383 355
640 987
620 250
477 826
624 748
946 542
281 605
491 402
239 42
553 427
37 324
536 642
386 257
28 573
400 372
248 876
585 141
370 470
448 307
502 860
619 261
86 845
19 104
99 177
501 434
802 370
337 438
638 20
716 265
325 429
740 681
482 822
559 533
943 338
672 870
45 22
24 581
234 630
869 855
101 761
753 707
544 338
866 221
98 552
665 826
409 359
145 427
433 189
503 759
99 505
400 353
197 805
891 913
922 284
819 102
974 990
65 17
911 889
597 437
939 578
830 274
259 17
118 760
569 450
435 193
667 656
963 928
171 412
7 213
346 531
866 610
945 789
743 160
324 690
21 234
835 727
232 595
998 998
708 540
509 164
864 229
25 811
725 189
203 600
378 981
742 239
342 678
747 210
488 603
954 993
86 961
631 219
937 274
89 330
505 937
314 77
186 41
963 86
907 766
320 732
790 900
251 100
17 262
72 720
433 823
252 657
317 373
923 353
246 539
565 449
897 181
700 937
53 950
804 102
616 750
599 85
969 320
236 542
217 967
419 860
356 584
904 752
909 98
818 805
699 714
815 967
902 659
894 565
829 315
56 101
360 777
411 14
869 707
373 273
466 956
2 145
365 465
321 241
475 84
753 52
755 458
164 392
735 928
125 100
958 211
147 313
64 580
570 908
872 2
898 169
255 569
446 859
290 872
732 880
722 656
260 194
948 521
46 640
237 263
156 571
772 217
737 76
452 426
166 283
508 56
991 682
884 858
742 576
126 695
51 625
823 313
30 74
889 137
179 739
814 228
345 398
507 530
303 451
862 199
139 734
214 507
361 184
366 108
444 913
13 275
108 8
901 28
860 929
269 422
78 85
406 435
558 344
166 650
352 3
860 960
766 737
322 845
90 703
272 882
13 437
154 440
889 969
448 987
313 90
958 174
571 242
615 968
391 685
595 157
207 710
34 383
3 769
76 107
40 131
182 576
284 85
27 657
200 416
733 428
434 330
86 715
367 886
520 0
769 546
228 470
650 706
587 498
270 218
183 928
102 768
373 962
790 448
826 916
340 593
319 490
475 445
530 802
148 293
570 422
136 211
335 474
437 489
419 597
978 855
857 50
584 154
513 661
31 808
796 899
82 248
226 882
560 477
550 759
488 676
363 319
328 475
766 701
250 321
55 34
148 861
629 707
226 126
948 716
650 441
910 930
188 297
315 327
828 889
302 542
285 61
615 102
444 639
382 267
534 37
762 207
823 759
542 304
344 918
541 508
860 40
18 767
823 64
958 285
868 771
862 923
377 725
760 543
825 762
27 368
534 40
353 935
928 145
994 733
831 679
605 951
601 624
765 381
744 721
822 880
459 951
642 305
967 57
541 414
418 504
193 471
197 536
935 95
515 737
539 326
353 198
642 91
468 46
211 703
490 769
759 621
70 34
390 253
820 675
319 431
676 527
52 829
710 712
512 826
803 912
294 230
524 925
359 387
138 870
271 434
657 138
989 678
73 496
750 115
442 448
500 47
731 824
472 798
663 980
849 932
374 117
711 218
971 625
465 636
575 491
871 978
465 857
501 794
488 660
53 598
919 949
864 545
435 34
696 789
244 111
869 561
93 754
834 118
970 263
531 640
606 450
910 90
870 338
747 850
262 322
617 740
733 452
646 154
47 615
418 664
839 135
97 725
383 219
803 790
686 809
978 165
340 870
943 599
157 762
498 76
135 719
28 695
946 251
650 236
548 187
808 401
902 71
632 637
790 93
614 654
321 461
185 231
485 147
216 598
720 547
294 211
521 439
715 940
713 580
457 261
61 379
240 749
803 131
390 516
439 875
943 129
881 901
20 856
508 598
683 240
557 867
163 707
782 157
899 574
102 325
790 552
31 954
724 208
548 167
952 639
789 50
113 740
376 439
904 686
462 283
573 132
367 188
582 433
235 950
430 219
902 744
853 522
918 805
929 990
348 359
785 505
29 174
890 131
868 837
472 356
294 269
67 669
770 731
243 167
267 261
537 69
835 459
475 166
757 984
972 722
71 431
726 118
259 402
468 42
136 965
593 615
714 833
903 446
954 973
933 12
275 447
216 249
659 976
756 856
369 782
543 17
482 235
242 570
178 690
717 660
481 194
982 313
3 98
830 204
452 636
352 713
679 679
190 451
73 717
634 748
302 667
942 135
999 567
841 329
103 323
839 414
25 559
947 152
688 741
36 19
330 86
153 20
866 722
617 503
104 525
259 727
960 861
911 920
732 167
616 760
542 929
583 196
573 786
13 816
91 822
236 30
50 630
619 712
441 124
724 704
367 435
331 724
114 413
421 775
899 375
690 122
394 119
761 490
434 310
911 747
857 808
468 827
327 503
162 841
304 631
250 443
839 285
133 759
64 745
100 265
418 195
100 508
120 562
833 820
795 110
46 855
902 615
111 364
829 895
459 707
74 210
233 988
357 518
245 524
776 701
79 698
580 199
113 608
420 85
579 45
716 8
29 79
789 120
912 430
360 761
49 395
236 391
235 743
742 426
56 984
604 692
476 390
190 543
94 180
289 101
355 386
265 767
449 184
371 462
77 700
340 624
689 988
161 634
517 200
685 109
545 110
704 67
533 265
554 880
918 228
940 525
29 703
790 143
540 188
371 582
872 452
774 578
462 107
671 208
60 890
165 698
53 635
850 173
455 782
822 324
765 474
633 314
148 688
816 316
205 601
474 252
302 400
456 210
477 362
824 837
170 442
981 63
543 49
996 39
254 146
172 320
56 132
651 383
846 72
130 802
333 995
300 115
131 549
24 268
840 191
80 756
892 580
854 423
499 918
722 636
695 601
170 912
42 141
151 665
861 397
903 693
258 100
405 616
731 167
481 939
278 957
861 410
518 524
957 94
150 973
833 353
268 247
155 617
671 593
728 83
823 737
837 545
32 418
536 950
42 826
495 181
96 265
472 682
915 853
367 792
731 987
365 754
657 0
851 589
108 501
563 666
478 457
263 130
770 160
601 905
244 161
950 773
317 526
864 176
889 900
870 473
895 426
866 250
772 775
607 506
988 748
764 338
591 808
346 836
124 74
614 359
541 457
859 887
502 752
431 794
59 13
120 325
933 832
267 413
744 353
369 682
516 458
399 734
86 852
352 43
227 125
105 913
360 190
512 159
993 715
74 481
788 348
136 648
609 737
493 680
369 282
775 611
703 532
375 162
559 743
431 683
410 404
927 534
19 396
67 145
601 852
661 860
266 237
42 591
808 783
68 327
866 53
972 327
154 76
769 419
38 822
585 184
285 83
59 207
688 759
71 873
187 550
611 797
223 379
266 716
325 208
771 965
265 320
428 12
584 8
424 861
759 773
84 598
769 711
562 435
701 466
832 667
626 997
201 968
48 259
325 188
405 575
743 310
160 29
251 196
533 716
282 387
189 399
843 353
706 250
832 84
636 82
26 179
547 469
970 778
57 89
662 619
435 353
411 231
860 657
901 429
982 666
104 865
718 897
2 62
730 706
352 790
450 539
850 805
937 531
739 742
230 625
720 53
259 264
757 12
89 656
118 81
638 248
697 173
293 911
534 23
256 139
751 134
147 905
946 381
856 746
24 49
979 806
425 799
2 314
270 600
891 701
243 262
778 737
575 840
77 85
929 657
61 375
297 767
323 159
48 136
853 638
413 527
676 381
708 507
691 995
197 664
278 398
343 391
333 314
607 392
651 639
329 225
935 412
105 614
182 98
335 512
667 644
989 491
861 298
574 102
507 573
172 39
486 541
790 247
603 854
980 753
283 848
25 417
865 397
436 615
792 894
43 842
271 663
236 889
154 617
265 789
125 510
568 338
87 895
996 964
33 953
323 159
746 790
405 350
56 823
294 893
333 599
720 762
28 307
656 142
902 710
730 74
37 545
868 484
133 303
837 969
258 895
912 156
146 507
329 725
239 485
634 989
529 784
506 253
430 44
83 518
295 628
22 227
264 914
398 226
675 835
405 690
699 444
327 983
712 979
241 568
827 355
5 642
775 479
413 885
234 799
426 612
631 944
864 634
98 110
151 464
263 261
633 395
167 581
195 378
591 700
658 133
359 629
147 880
748 462
798 399
243 575
640 604
931 222
340 949
181 952
502 664
755 514
540 200
922 765
32 313
141 736
150 742
367 224
895 701
357 170
312 616
902 112
474 916
55 666
750 190
327 740
413 41
988 70
929 564
265 737
228 273
45 124
299 849
256 262
822 418
228 535
159 898
942 103
508 565
640 176
699 283
316 591
121 997
423 476
430 957
39 252
65 93
978 508
196 616
117 198
939 613
134 840
127 843
783 87
257 654
600 211
589 198
487 852
453 968
566 402
150 950
41 706
596 298
474 108
917 377
915 385
788 562
415 530
220 869
286 668
334 952
380 896
354 533
500 887
302 15
86 362
678 131
210 879
848 700
903 287
842 431
29 181
587 853
523 961
474 94
310 946
151 674
727 523
292 42
704 700
864 454
363 897
176 616
430 87
234 494
774 691
239 773
95 549
884 840
326 49
318 288
628 382
439 350
31 815
497 963
374 280
326 0
472 907
754 858
594 47
54 621
108 794
457 465
798 597
636 530
772 806
171 345
939 579
131 128
647 130
277 179
635 21
845 194
35 83
167 755
89 442
271 620
403 912
379 814
197 458
471 461
481 531
180 899
295 333
127 997
210 526
682 342
881 42
97 447
495 22
683 176
904 501
18 751
40 923
377 423
825 206
865 205
880 429
551 332
221 713
238 256
518 256
869 79
775 344
581 908
375 208
986 373
578 90
259 964
343 365
991 482
501 776
445 279
919 640
768 575
945 50
725 678
517 644
267 804
623 45
798 412
913 733
464 990
811 471
717 364
411 516
641 674
382 961
376 662
192 752
241 127
677 20
192 323
980 325
335 960
853 452
528 196
663 113
553 951
640 696
837 358
394 473
531 203
966 607
109 679
368 208
375 754
303 819
186 466
287 473
316 223
765 737
222 231
782 911
282 717
325 479
950 227
175 515
529 345
44 997
513 598
252 718
591 275
875 652
512 167
835 546
48 197
372 929
261 602
43 756
926 714
916 186
310 570
373 405
184 856
593 775
720 774
382 92
412 38
52 386
838 375
314 749
759 246
926 31
729 632
704 444
104 11
19 60
199 45
946 266
475 684
627 313
870 276
219 495
34 895
998 689
71 374
96 293
755 878
421 391
885 702
642 915
342 349
102 217
613 976
688 823
294 593
694 424
590 755
31 178
677 97
94 389
920 287
419 16
922 81
256 157
862 631
925 557
364 410
536 518
37 752
156 904
69 91
205 943
189 336
846 459
641 50
639 443
740 999
798 520
862 395
744 206
464 936
828 13
372 159
837 918
123 536
194 144
412 918
836 235
46 214
219 940
147 93
965 942
809 889
5 602
221 176
147 973
190 117
877 688
787 769
42 53
355 133
7 773
504 950
808 158
846 217
716 978
5 974
245 27
64 802
571 554
874 820
317 14
253 761
859 570
134 962
986 472
208 403
357 593
963 735
180 494
65 727
500 152
597 761
227 892
616 309
501 579
353 419
792 102
280 272
161 46
792 136
906 929
999 589
144 993
107 429
972 702
762 258
398 460
622 498
441 535
731 911
976 443
566 25
707 400
253 527
845 394
677 61
701 446
691 847
630 97
171 196
357 379
110 702
912 920
156 949
342 815
406 235
38 748
270 290
767 8
477 746
737 312
249 663
575 371
226 279
682 700
199 600
675 640
929 232
212 665
187 270
483 441
420 878
852 931
836 179
122 698
911 700
42 909
560 672
229 146
101 214
743 759
83 630
928 313
830 323
975 683
695 586
6 920
563 131
70 883
251 998
416 611
349 730
196 13
703 302
482 609
59 714
459 791
211 304
587 354
738 924
557 338
269 603
978 248
804 759
880 810
401 96
132 550
316 151
587 467
520 964
450 819
494 615
256 933
732 563
677 720
833 391
354 953
319 446
740 101
126 718
870 842
593 341
906 591
288 64
539 53
609 245
98 13
323 80
236 984
664 91
540 166
278 495
154 230
427 511
703 116
515 107
404 592
184 506
702 475
260 664
256 501
229 471
510 74
581 58
665 627
389 773
411 152
206 680
25 555
580 482
800 375
744 826
685 928
560 433
494 125
485 844
750 320
672 93
313 198
177 0
76 97
814 379
367 618
245 279
843 260
654 500
146 989
728 816
519 925
238 224
99 249
310 351
785 473
22 851
231 77
731 319
137 583
791 891
267 625
358 904
59 831
734 119
945 815
424 1
757 285
303 385
995 363
4 294
508 630
372 821
956 35
566 923
364 872
101 455
836 512
414 334
703 182
670 608
906 339
844 0
962 442
142 705
929 304
107 684
397 689
244 470
573 37
920 486
145 274
978 517
445 867
177 765
377 414
780 220
416 692
663 770
539 33
879 853
986 347
230 550
942 807
68 68
414 590
986 231
68 487
972 103
554 719
322 595
382 691
187 781
8 822
303 954
132 702
806 583
329 336
442 680
949 180
447 394
466 523
259 120
672 156
933 59
632 183
582 521
299 609
302 744
637 54
837 589
953 724
400 141
42 11
875 116
164 323
945 44
269 655
109 693
283 909
803 899
842 391
561 710
282 27
491 794
771 902
496 206
863 808
799 98
890 529
549 809
984 634
910 446
899 286
364 619
319 838
657 317
861 819
918 619
120 927
334 189
15 637
986 122
487 471
873 89
469 813
843 361
845 979
458 172
441 508
670 342
506 114
660 899
460 248
42 727
113 967
721 743
709 628
943 364
448 290
928 160
501 228
945 713
759 811
313 314
771 589
469 97
94 751
982 147
219 65
680 491
897 647
258 938
63 561
733 9
861 576
826 538
361 728
357 500
226 125
640 932
308 518
325 912
224 31
628 112
951 666
413 342
260 189
675 92
867 727
142 932
354 131
35 258
618 447
201 230
65 647
786 142
968 858
260 681
580 903
411 630
419 736
29 666
141 291
610 304
133 178
6 786
658 321
29 390
454 996
113 732
274 635
75 980
12 950
956 85
902 282
998 120
900 382
148 763
866 799
266 41
552 614
563 39
419 828
397 49
872 20
715 938
24 790
751 571
979 292
521 266
962 725
465 796
445 744
749 622
781 243
159 165
656 536
727 126
519 880
232 663
477 890
529 179
758 76
730 757
113 866
697 860
692 901
992 917
395 162
837 487
964 459
158 751
138 667
918 427
331 651
465 379
112 522
839 60
897 585
449 279
691 284
742 830
16 244
47 623
536 521
823 545
329 101
417 890
705 404
997 763
539 639
67 963
710 632
715 952
638 320
462 597
20 172
180 565
353 598
251 406
811 688
344 984
329 851
94 236
617 293
800 250
67 121
324 410
298 705
895 124
7 78
607 372
753 856
280 765
957 801
615 46
365 651
332 945
73 426
360 336
407 908
27 27
47 229
320 772
216 104
847 324
313 895
263 350
869 747
334 352
438 951
390 115
804 287
687 656
955 926
547 10
702 84
657 698
835 151
609 813
253 193
521 754
256 887
546 744
325 553
562 773
610 109
366 369
548 822
500 240
363 971
651 54
331 386
87 348
123 666
645 985
228 824
375 509
432 9
292 367
668 495
391 254
35 903
178 172
568 46
64 342
23 188
92 152
433 177
609 269
691 692
846 68
146 442
757 447
37 915
209 477
318 816
250 919
430 745
887 752
292 43
358 605
634 246
650 707
429 493
962 448
550 863
314 834
906 834
912 68
74 431
358 703
816 824
271 573
775 718
399 841
645 783
803 802
744 125
770 885
50 706
63 402
602 295
188 783
120 852
276 889
173 562
205 898
85 284
25 52
90 667
512 851
438 304
83 560
564 229
759 217
948 285
435 782
809 50
464 495
897 909
813 218
32 39
68 120
369 814
765 879
755 12
556 674
11 866
217 348
612 609
932 419
592 105
539 145
945 50
938 815
784 312
286 618
297 804
718 39
721 996
694 730
142 357
553 778
521 271
722 521
514 159
839 240
89 154
211 551
556 4
663 537
514 209
404 645
410 939
79 570
977 706
41 34
14 233
26 519
772 709
482 444
419 617
836 994
187 436
463 506
447 612
346 874
74 188
587 697
80 929
499 876
579 930
922 67
17 342
379 566
750 991
708 800
980 660
149 486
851 676
226 913
790 646
334 702
172 726
974 351
192 666
535 723
134 114
301 848
337 110
825 905
710 185
261 682
639 691
664 192
125 757
569 238
45 205
417 10
677 938
706 13
972 553
533 665
507 613
333 590
164 214
222 949
541 240
465 630
793 420
935 140
867 75
743 637
160 847
798 832
152 644
426 47
609 883
83 468
128 640
863 576
908 713
584 462
809 535
763 391
606 137
944 926
724 979
169 123
171 942
890 93
314 273
371 728
362 661
740 247
73 598
358 555
982 93
730 417
965 354
744 337
993 135
190 538
665 304
195 676
953 151
575 582
398 75
905 765
885 528
436 430
232 795
295 266
878 380
552 192
982 301
892 137
376 418
637 277
472 110
385 235
616 941
754 181
929 297
824 98
93 315
111 316
388 491
518 522
320 355
894 705
463 917
58 547
374 717
73 169
733 922
46 44
874 701
544 647
509 892
571 673
429 569
26 583
118 194
270 974
552 598
336 766
117 421
719 866
846 174
191 427
482 942
878 988
349 772
812 769
257 554
518 41
795 765
647 850
804 309
92 307
402 624
538 429
819 306
839 938
414 359
433 880
310 352
863 575
323 196
426 829
70 286
695 972
105 916
572 841
818 15
628 877
834 102
137 208
277 278
573 929
320 37
749 554
450 60
619 336
721 153
726 681
138 284
504 198
629 626
964 904
210 333
522 439
36 325
312 701
640 607
342 456
889 267
814 295
164 996
7 860
827 929
821 727
113 72
966 884
249 474
675 363
131 10
1 773
827 590
259 22
167 672
278 342
510 471
328 177
232 110
142 886
885 222
993 797
206 239
412 618
42 626
53 158
958 874
13 764
717 552
758 937
919 934
40 4
561 555
855 550
673 253
469 51
907 277
456 870
621 76
55 619
708 228
206 149
945 729
700 672
868 638
221 160
27 403
769 937
983 228
256 520
627 581
80 974
881 650
580 877
427 523
603 635
739 445
67 596
280 123
360 140
773 155
780 705
983 813
348 127
436 502
957 237
418 515
146 404
795 977
403 992
59 369
451 943
499 704
318 879
822 421
869 116
244 644
448 863
104 8
159 906
931 900
468 799
540 250
8 369
341 141
961 2
914 641
276 147
856 747
605 874
391 986
425 621
182 965
780 598
122 494
787 583
930 860
24 964
634 310
854 15
546 259
264 343
571 71
850 618
909 240
771 737
191 431
902 835
349 817
795 801
431 517
527 369
796 608
829 942
234 540
687 349
48 79
685 922
50 344
552 849
864 140
972 120
732 102
784 921
293 462
459 310
581 344
941 445
420 53
543 475
199 119
960 597
809 773
389 785
220 62
163 443
275 971
764 667
471 917
61 764
36 702
176 560
824 723
810 447
855 319
546 814
910 35
197 995
650 793
242 31
716 559
351 501
516 737
936 887
894 560
686 71
717 590
732 635
499 739
89 202
818 305
803 627
682 748
393 924
999 246
298 520
14 15
383 218
373 273
34 134
28 729
666 759
492 985
204 83
722 763
712 298
791 712
317 405
247 15
649 92
860 25
696 536
183 824
944 175
571 584
512 13
742 278
163 759
684 429
589 124
425 287
344 788
707 200
611 146
978 327
688 198
597 470
137 827
675 928
118 671
666 930
213 793
119 706
654 332
763 740
354 738
886 556
584 76
986 437
323 589
695 200
92 647
46 136
831 957
36 978
772 807
974 347
957 164
868 769
279 170
699 299
295 144
602 133
810 349
984 155
168 26
880 94
526 906
499 789
856 850
833 283
279 482
467 46
748 371
735 264
585 468
857 278
664 997
187 510
291 84
913 685
799 373
947 54
453 155
792 695
558 70
427 126
411 269
349 81
910 867
15 234
9 790
321 553
81 426
732 115
134 204
521 449
666 402
724 219
955 472
80 19
495 165
624 159
91 796
711 630
496 334
421 579
266 309
47 751
182 212
242 545
376 906
75 680
199 589
414 58
213 58
73 37
886 283
172 746
564 634
407 217
677 114
288 440
906 372
455 797
756 991
896 251
549 137
685 409
448 234
245 877
47 184
189 408
543 852
65 803
362 67
0 552
408 177
833 107
347 153
493 479
854 231
83 213
808 446
753 23
995 677
702 890
988 531
290 554
910 404
534 591
560 884
509 222
487 689
286 50
617 677
901 625
688 768
853 955
654 132
477 29
323 250
756 132
353 370
866 325
744 127
764 577
907 345
843 790
301 156
434 129
169 478
75 486
670 998
853 250
507 824
827 760
916 381
76 768
561 951
618 726
847 489
849 326
462 653
303 805
903 184
82 34
615 200
114 900
772 813
21 109
874 189
872 28
251 210
65 897
977 206
326 97
633 887
881 809
646 997
475 910
719 575
289 795
375 598
136 245
790 882
713 577
728 944
48 205
322 525
767 507
293 28
570 473
553 547
79 726
151 52
868 407
715 151
700 463
596 445
639 70
705 983
357 752
769 589
487 830
479 266
179 634
617 308
746 523
763 922
607 801
613 519
678 194
173 339
174 203
338 864
140 90
223 913
358 264
304 623
633 124
269 181
552 443
88 395
114 67
435 393
958 14
851 881
365 532
355 55
99 42
383 476
44 631
70 333
112 972
610 418
394 971
408 107
163 440
806 773
421 597
470 938
599 514
814 735
772 945
240 950
248 24
301 900
945 495
473 885
397 121
259 163
822 439
4 158
183 856
921 805
169 661
446 290
78 240
737 748
409 53
33 838
184 785
449 309
120 799
732 23
587 481
278 534
256 140
605 491
848 684
323 240
784 430
681 590
744 453
769 781
215 83
568 298
992 881
574 634
685 899
580 821
46 426
280 422
830 589
912 159
843 770
985 649
88 77
170 984
160 563
346 45
601 73
19 702
19 725
49 344
404 910
859 836
769 568
661 96
730 703
439 164
627 149
422 812
35 502
637 678
955 520
848 425
461 633
852 534
349 624
254 298
112 862
351 489
736 45
344 319
290 350
776 391
517 961
687 687
382 757
878 810
12 32
246 485
965 464
201 902
11 711
160 637
791 677
26 967
800 959
966 703
368 334
622 677
988 851
656 835
925 469
689 658
224 677
328 580
334 841
965 274
192 581
844 45
956 720
338 345
876 337
123 854
81 730
13 440
452 821
972 279
492 724
963 201
569 933
28 714
468 89
900 645
841 990
198 101
938 594
234 949
137 896
354 277
545 359
961 718
74 470
640 452
975 532
551 362
830 379
916 204
475 85
810 413
345 782
145 9
894 265
726 685
338 95
136 907
892 313
999 569
57 543
496 697
466 114
408 619
440 43
805 974
119 278
652 14
228 537
778 247
53 431
19 327
611 466
72 90
190 564
841 703
510 174
399 503
729 121
804 334
574 706
570 475
884 627
277 394
111 268
757 808
337 225
539 6
745 573
576 430
931 276
773 306
300 566
770 237
367 911
342 353
713 211
672 127
422 575
792 494
38 2
797 970
767 163
644 469
760 204
914 988
183 956
390 744
23 931
845 557
442 334
331 79
511 218
603 32
80 237
211 838
475 432
143 185
515 64
761 330
434 364
986 663
901 553
656 220
20 177
219 539
428 299
741 812
27 723
734 607
648 866
361 614
868 672
239 712
809 230
206 296
893 904
525 956
963 799
783 361
446 621
465 628
219 906
458 868
10 371
982 211
584 178
903 458
269 736
552 220
901 991
959 339
565 197
967 319
947 90
719 493
802 786
739 988
225 222
100 898
207 773
335 565
62 536
975 654
985 596
671 824
642 704
888 31
365 741
748 347
754 613
349 867
867 357
164 94
819 764
449 460
367 790
196 820
900 298
935 111
84 942
312 857
662 285
286 632
905 926
327 100
157 774
523 359
222 808
337 910
821 969
20 77
861 944
370 937
71 954
497 863
27 260
766 554
964 721
779 345
869 612
284 375
998 215
935 716
454 769
830 233
27 126
778 793
221 265
141 899
467 141
787 763
209 1
278 288
607 481
925 328
823 625
201 528
922 565
172 552
135 947
462 339
249 554
349 628
780 204
584 180
220 95
32 232
874 593
436 774
276 65
527 696
776 27
680 882
397 3
486 958
134 971
54 263
875 280
194 874
165 446
160 560
822 971
164 544
587 513
195 305
576 469
861 805
542 637
846 930
619 903
169 330
102 316
465 442
293 371
646 239
773 217
56 100
37 318
828 944
128 228
232 309
509 129
516 235
604 979
814 947
823 827
50 760
891 202
765 815
242 504
476 239
279 11
702 387
725 357
178 181
59 334
726 509
744 200
966 175
311 194
229 330
903 660
651 692
554 649
571 811
440 507
40 678
183 808
84 770
569 761
796 625
146 564
491 133
5 727
345 971
586 13
239 474
302 38
418 90
918 670
234 681
905 679
374 80
450 594
182 45
143 961
93 466
553 856
640 834
600 610
183 84
130 648
535 136
807 428
714 870
692 732
644 366
731 921
978 618
955 503
673 239
929 231
833 666
651 264
612 64
76 533
942 558
913 912
18 335
327 939
663 956
143 79
422 821
904 974
721 174
607 74
225 797
205 9
388 927
852 256
665 642
719 212
681 485
742 967
692 684
507 888
229 432
124 899
92 467
53 480
557 425
921 768
122 210
5 537
866 892
345 794
140 949
468 658
52 285
827 947
481 722
325 556
600 726
150 885
569 691
174 35
372 183
101 323
295 698
358 251
975 764
261 892
144 956
622 188
84 203
300 32
756 510
650 734
941 298
937 344
161 994
55 357
745 220
688 425
869 339
308 445
408 765
693 681
754 772
83 966
691 393
389 392
177 580
254 72
799 192
586 56
714 372
92 560
784 61
413 678
111 590
499 905
496 402
548 622
774 136
317 347
335 228
771 9
502 367
949 760
49 261
924 978
262 340
561 249
237 788
865 68
250 626
143 244
315 582
902 694
232 77
217 537
347 769
642 942
573 723
427 664
977 195
556 97
2 662
169 196
669 878
415 505
810 704
660 498
597 191
80 781
379 702
979 210
51 466
20 532
986 21
980 252
947 527
13 321
193 903
66 308
802 104
956 192
643 295
53 527
274 152
341 519
964 488
519 747
963 908
664 350
475 41
51 114
25 85
555 39
544 91
830 583
506 404
898 557
184 648
552 574
110 197
2 968
174 662
81 784
23 444
911 488
369 746
598 716
920 826
131 245
179 261
979 119
720 832
576 949
518 66
223 221
742 457
346 117
390 661
101 260
19 732
199 782
787 197
167 823
389 120
40 993
437 242
987 657
728 758
15 363
960 727
784 70
564 18
433 617
720 920
839 309
932 642
451 133
243 941
971 335
11 13
351 575
36 893
235 457
190 620
766 347
579 747
509 605
790 515
700 873
639 36
858 229
581 664
488 871
582 7
663 248
862 635
427 857
97 179
879 586
350 460
630 994
571 451
339 544
423 400
286 488
656 133
516 433
82 28
313 299
40 558
117 574
186 999
984 61
323 527
123 849
709 420
677 531
643 387
550 409
683 325
380 474
895 910
167 164
311 681
771 194
972 263
146 140
739 782
947 94
268 950
883 714
926 615
582 690
664 742
506 381
831 582
177 115
887 883
753 668
288 210
321 330
423 381
402 407
837 946
255 216
336 283
259 105
540 664
118 451
134 448
35 704
549 31
153 943
453 601
732 19
345 509
296 310
949 285
673 51
541 769
121 320
717 891
879 378
461 781
216 507
289 502
181 142
971 436
713 835
29 476
637 686
439 149
978 522
577 386
315 507
374 366
108 297
789 841
402 752
676 113
769 973
956 324
284 587
372 809
148 642
618 167
104 825
77 909
998 307
840 273
555 453
291 68
437 855
68 898
122 153
142 983
820 357
283 461
731 290
43 291
455 705
825 527
505 416
854 427
245 883
477 901
383 595
482 25
870 127
624 226
497 334
133 741
85 775
460 94
744 136
895 852
333 66
286 39
596 894
200 290
277 961
621 275
209 474
63 944
590 836
787 963
845 70
423 166
921 832
529 106
422 425
41 481
803 699
180 876
653 400
375 494
482 342
596 735
879 445
308 932
478 850
225 980
312 732
678 822
803 283
30 918
992 568
142 782
259 136
608 449
736 394
733 811
911 216
198 476
27 730
782 723
100 941
720 567
7 875
928 209
367 828
681 109
747 779
955 167
188 459
286 819
848 72
247 813
48 90
54 158
858 123
242 880
260 874
297 185
766 928
8 395
18 336
692 156
403 484
682 113
255 114
457 709
59 317
882 991
650 464
889 338
624 589
603 855
25 276
667 741
665 471
667 320
336 82
483 790
36 976
377 302
547 664
478 84
923 286
633 167
888 558
794 860
986 756
869 731
95 207
64 215
932 564
651 60
756 942
163 696
738 435
139 483
753 665
265 459
574 583
776 120
902 849
886 607
369 644
180 354
691 679
397 284
547 650
509 227
938 728
920 606
313 0
829 917
279 250
357 591
758 476
723 454
785 940
321 864
804 352
228 199
320 169
158 120
594 822
670 329
278 589
886 546
877 348
577 590
416 62
311 660
488 537
678 149
972 76
510 34
454 277
921 982
587 432
630 654
948 716
529 746
53 960
928 491
18 835
292 620
193 17
298 605
48 249
421 50
180 395
234 842
35 287
344 363
6 609
754 259
71 48
282 242
187 61
659 691
635 977
427 657
125 304
331 422
202 113
133 575
396 183
601 907
414 722
92 626
976 334
45 650
133 446
949 37
819 57
147 879
806 258
553 59
993 613
102 964
170 829
585 721
657 339
255 618
21 762
961 215
451 437
285 856
603 33
846 247
201 815
491 802
325 385
866 892
984 558
743 587
452 977
597 748
174 180
895 490
210 858
475 542
963 289
683 240
758 422
10 404
633 923
216 568
630 300
370 298
454 23
497 118
364 777
581 988
823 829
229 8
498 351
542 355
572 615
990 167
56 289
955 288
376 193
61 974
987 684
397 967
592 402
721 209
829 48
221 101
169 698
239 895
922 333
414 618
875 914
72 665
94 526
447 136
10 294
760 456
417 808
288 697
273 317
90 122
181 491
945 100
383 671
927 388
628 695
184 711
876 974
622 209
420 160
545 862
770 813
394 561
940 291
517 467
710 83
841 426
510 870
606 819
517 801
441 883
117 891
710 791
505 239
211 379
574 205
477 663
924 394
98 342
792 848
578 760
530 81
810 256
789 925
878 863
136 339
923 119
121 171
846 412
785 618
356 636
991 735
567 928
829 954
442 82
81 132
122 486
465 698
801 765
135 75
407 885
964 705
367 908
963 372
259 75
21 441
173 152
189 82
156 283
80 24
407 482
3 435
985 304
360 874
329 792
894 205
372 855
523 903
273 935
209 402
977 976
19 219
970 114
107 316
518 493
233 880
340 937
553 841
587 553
194 813
766 778
119 703
209 394
628 170
663 860
718 160
589 272
734 833
558 662
620 239
131 195
733 686
959 516
337 945
676 775
483 591
974 434
270 117
178 75
560 125
523 142
653 164
977 365
699 1
93 665
790 569
934 295
55 535
521 438
333 672
465 405
120 933
979 882
710 659
364 612
573 748
217 466
772 656
787 708
782 710
917 887
755 571
883 343
892 446
809 900
819 546
685 839
813 50
442 318
509 252
762 627
799 860
142 235
365 665
701 50
65 860
752 459
664 812
206 965
479 911
329 346
373 283
979 81
669 187
630 571
718 853
39 810
752 240
526 318
261 658
989 473
418 112
499 522
529 135
355 631
853 399
806 603
448 23
569 223
804 171
716 573
676 370
793 903
439 676
533 270
409 33
46 479
293 116
145 391
74 47
495 183
137 808
715 131
544 121
195 581
319 22
232 327
853 375
179 317
397 524
566 400
291 256
189 742
580 255
679 79
791 217
205 939
927 536
101 471
426 918
683 535
185 88
661 141
875 727
633 735
760 733
470 959
744 956
572 28
686 810
361 397
876 961
312 966
300 27
384 635
479 378
798 673
502 69
432 4
228 271
376 659
436 842
985 584
307 385
657 75
244 59
938 6
965 379
126 515
267 99
743 698
806 113
417 583
483 810
229 224
194 147
594 460
819 279
690 510
402 755
614 993
484 685
983 509
677 890
722 48
96 6
607 97
930 150
983 189
875 906
391 620
170 191
61 845
820 97
910 334
264 893
225 624
218 460
172 439
626 883
817 112
600 615
308 659
423 623
532 959
283 562
707 221
280 287
948 484
704 651
160 251
353 956
549 662
713 604
332 936
454 650
45 943
470 83
545 804
376 30
460 249
686 260
589 214
600 934
499 36
245 961
205 434
760 628
422 254
381 114
84 259
343 675
476 552
287 429
963 314
139 0
43 296
280 150
512 699
222 881
14 585
647 239
841 999
850 673
505 187
867 65
544 404
375 969
232 257
574 769
886 486
674 976
517 678
630 780
321 810
965 972
449 295
177 58
808 109
732 622
744 923
542 830
731 312
187 226
999 805
232 211
629 55
706 772
207 264
252 248
964 517
299 483
753 1
455 77
77 152
888 409
913 369
698 379
986 659
831 144
340 112
312 128
397 838
79 382
452 570
44 768
276 104
202 121
744 141
334 892
157 925
123 4
854 281
556 798
32 944
751 336
844 262
762 667
218 98
606 203
992 361
748 583
198 552
872 180
564 502
913 332
531 888
961 75
749 519
615 771
811 628
143 997
137 43
91 824
279 797
425 990
207 15
472 889
909 952
439 350
368 72
780 799
708 204
934 820
386 926
64 500
197 450
371 269
264 339
718 219
673 451
908 261
349 433
131 987
471 61
532 507
56 7
924 548
164 78
694 457
559 716
346 31
250 150
710 714
454 298
360 377
652 481
317 858
334 300
201 968
197 826
76 161
617 639
108 756
190 225
237 904
369 476
26 815
999 22
318 617
838 580
804 893
867 19
55 610
991 938
847 172
190 588
705 402
781 772
89 781
232 66
134 403
461 34
163 32
992 267
598 566
508 453
70 387
83 700
438 913
346 697
600 164
540 183
128 228
593 795
534 913
587 572
991 630
45 298
337 399
793 140
313 260
228 137
203 824
335 616
541 51
541 291
233 898
452 790
916 177
770 598
432 367
142 596
850 575
759 488
425 375
301 474
156 33
834 644
742 967
789 12
970 795
907 198
716 412
282 446
723 765
195 202
962 416
923 925
829 720
934 808
542 620
905 228
188 759
291 755
404 908
646 732
815 630
896 652
968 870
193 114
984 54
744 187
744 66
926 932
754 414
479 270
221 610
512 484
139 187
729 304
512 435
745 763
721 424
64 587
903 314
790 846
863 766
245 293
255 168
773 413
158 301
468 326
568 814
767 630
110 192
906 552
694 305
144 126
492 613
848 398
461 190
900 911
755 618
527 365
786 174
330 202
669 713
626 581
142 67
90 303
145 508
769 863
499 577
472 672
620 481
210 128
590 453
504 177
201 718
840 813
181 585
169 986
363 997
534 549
321 989
253 442
480 673
18 706
107 743
309 765
133 767
916 135
959 324
294 591
766 526
78 426
509 84
344 935
332 398
131 147
749 657
539 228
854 628
313 427
256 864
154 283
179 148
489 630
276 110
193 270
44 13
364 105
398 371
585 245
28 168
525 579
942 610
921 961
89 9
179 999
88 958
324 491
226 212
93 352
279 79
159 145
216 720
734 532
138 218
232 393
839 639
112 658
761 764
634 988
356 28
850 187
495 240
950 140
350 307
284 955
639 403
473 461
78 675
304 720
976 150
475 343
424 415
816 522
474 476
123 930
378 688
524 273
976 823
853 592
786 420
907 442
685 94
198 534
746 378
62 714
457 770
188 530
61 747
346 976
220 636
216 22
200 658
844 327
711 761
109 707
516 804
452 801
591 181
592 598
656 57
500 588
619 123
919 687
856 752
400 97
995 682
836 332
475 478
494 967
137 257
193 530
870 351
45 44
737 651
452 36
236 355
631 964
122 811
474 849
975 218
768 695
627 42
540 394
613 648
30 967
145 259
230 312
877 937
577 847
518 693
69 34
113 37
434 740
496 224
750 557
620 181
317 703
513 326
940 353
627 179
168 521
971 531
464 402
406 870
836 190
402 926
160 164
109 491
689 10
68 205
722 478
900 52
707 118
49 484
599 840
961 325
849 131
820 158
667 708
267 433
194 653
665 946
9 807
354 601
240 713
447 847
72 337
875 389
870 806
878 583
818 640
419 344
276 263
823 711
642 841
769 407
695 360
728 29
171 487
606 586
51 820
55 192
381 857
357 914
211 341
132 147
593 616
493 929
324 627
385 314
961 77
60 164
704 579
691 499
267 111
515 451
582 449
696 174
453 715
430 959
348 229
136 997
815 553
379 963
759 930
213 76
982 942
439 612
839 266
781 793
869 12
614 640
366 315
196 181
651 98
426 90
807 468
213 176
185 370
336 108
152 488
328 304
667 421
408 250
178 617
634 410
532 593
259 765
846 117
714 487
380 387
733 29
895 13
31 328
419 197
258 958
740 672
925 90
116 992
570 372
204 676
431 931
109 538
118 894
121 397
323 450
811 89
130 718
64 459
331 34
688 814
59 622
573 320
992 439
367 91
736 892
153 431
695 142
724 461
27 742
69 894
517 321
870 729
239 78
870 588
484 369
781 434
633 688
425 811
6 353
302 929
592 102
629 726
526 937
28 219
502 594
86 28
396 120
462 919
326 916
413 171
159 481
198 661
790 199
930 573
210 879
614 55
92 816
149 13
273 392
898 91
155 718
726 659
411 836
802 270
580 819
434 403
207 262
430 506
247 320
190 906
736 634
98 536
425 188
659 569
155 837
689 86
117 566
434 190
342 32
140 674
502 190
535 786
729 701
362 637
8 767
904 469
253 119
831 905
524 472
397 548
921 766
415 827
834 5
183 195
50 912
1 649
646 50
842 979
119 553
318 275
789 816
261 148
805 459
440 781
615 446
550 451
990 262
886 732
228 449
72 789
290 185
140 284
897 147
766 570
592 342
173 784
490 543
119 338
235 745
315 833
199 594
130 243
911 433
426 653
929 68
841 416
714 342
746 913
683 836
151 355
381 273
4 799
763 471
131 499
395 862
738 841
544 442
189 6
79 908
848 715
643 443
638 88
231 203
495 84
480 907
657 882
781 876
374 997
219 326
734 427
937 925
425 688
309 744
891 426
770 386
812 113
295 945
939 441
900 988
87 192
851 426
985 914
41 165
937 269
88 726
851 254
890 554
229 498
860 433
337 393
957 255
226 68
425 372
892 839
838 190
621 890
834 54
97 753
31 224
431 612
213 875
526 761
338 985
706 12
424 881
241 440
211 560
197 976
125 902
406 943
712 620
765 981
152 547
175 474
186 655
348 349
797 179
379 766
492 143
796 162
516 804
17 60
264 791
674 824
167 604
956 731
839 18
581 446
720 684
806 729
975 824
645 253
549 920
822 426
612 254
550 815
102 429
244 327
841 218
116 808
147 617
194 696
574 836
655 176
503 319
186 466
65 838
118 943
458 279
156 73
38 781
197 31
368 881
526 527
794 205
897 101
524 587
516 562
361 119
856 264
434 606
279 562
189 438
419 352
430 764
887 903
888 293
845 655
183 140
756 487
29 602
394 227
736 772
654 157
613 374
323 946
795 670
450 611
470 979
199 707
102 571
117 153
803 908
761 531
631 906
816 154
225 839
878 701
201 1
244 54
597 486
373 488
431 730
757 986
152 505
487 877
974 176
441 529
317 965
110 478
172 167
920 182
735 135
247 704
997 710
995 543
381 913
234 937
194 312
206 571
680 28
542 290
361 38
791 428
137 372
95 413
418 318
862 806
589 359
690 479
422 415
773 845
858 341
157 79
680 98
640 186
233 305
945 917
157 2
571 54
764 197
377 171
701 156
800 141
494 954
778 175
697 791
888 412
824 205
139 566
965 389
607 451
320 946
108 722
333 640
898 436
497 109
896 717
961 549
873 257
999 324
492 3
738 260
695 593
713 22
240 444
405 333
687 691
120 846
778 286
437 403
374 880
588 527
448 278
498 501
942 829
483 233
612 432
822 287
694 94
172 706
455 458
955 629
140 980
829 638
616 485
536 481
269 624
210 624
540 939
971 431
649 165
767 789
278 457
918 663
9 329
978 119
77 94
853 251
611 123
868 960
2 698
803 884
394 438
270 330
241 680
562 256
823 813
622 189
917 259
681 615
597 684
273 529
421 260
997 521
558 125
88 559
28 74
547 465
865 728
917 547
714 167
153 276
797 0
68 652
341 178
42 954
244 789
973 130
285 399
272 140
339 460
326 551
313 376
642 347
678 656
18 895
932 887
661 919
6 324
518 639
804 537
701 885
652 942
888 248
119 500
755 287
773 510
473 125
117 129
893 48
517 100
682 648
835 482
219 997
270 308
648 665
148 972
805 964
192 653
689 830
287 822
856 840
896 717
245 627
110 104
608 658
563 814
160 884
130 140
93 761
297 748
340 822
882 368
296 483
804 228
673 33
690 634
60 425
312 151
303 384
838 642
399 310
291 20
144 566
910 618
336 768
515 112
784 122
977 593
496 357
388 585
518 452
172 555
243 255
377 86
530 21
969 778
254 168
88 73
335 66
483 232
296 246
185 948
640 433
478 898
130 736
701 407
652 979
889 374
289 726
336 48
667 416
717 205
664 588
232 32
808 645
668 433
321 975
133 532
934 648
77 119
123 814
377 761
949 474
516 62
882 497
120 927
637 484
140 222
491 509
254 23
655 474
438 482
678 374
773 340
105 978
369 670
229 611
886 477
192 653
122 208
353 526
677 97
748 717
986 690
234 16
207 545
721 437
301 390
205 936
796 833
226 948
615 312
157 773
775 30
118 385
414 408
356 279
147 896
477 455
597 860
336 185
725 930
370 898
212 978
225 330
390 341
391 216
178 563
703 918
496 488
77 313
470 16
125 553
270 802
476 775
215 321
546 340
286 285
236 414
176 313
957 845
487 861
220 876
472 523
894 907
5 207
329 890
779 919
386 288
698 466
459 464
604 61
549 949
852 48
309 764
837 728
438 760
348 373
220 452
635 35
40 176
570 46
477 974
20 599
845 111
372 420
376 743
962 587
283 631
645 22
569 705
350 994
225 205
247 161
283 314
15 872
432 929
780 227
133 899
603 933
219 291
22 707
159 478
2 336
553 863
908 563
675 967
600 188
368 81
726 974
974 156
386 173
9 994
925 465
190 453
893 876
960 584
926 197
995 667
179 431
491 273
134 659
679 220
47 65
824 296
180 350
768 765
957 279
33 590
67 100
675 270
965 688
753 154
727 453
536 186
887 860
549 153
173 562
194 867
214 774
133 694
661 734
565 673
783 466
714 410
993 688
328 204
160 238
823 965
437 879
331 805
339 284
107 154
398 612
711 217
106 78
67 551
429 403
266 701
714 113
41 666
451 993
594 154
938 898
209 948
284 311
839 2
427 147
960 849
806 853
899 192
783 566
774 814
601 935
971 372
283 736
730 745
869 259
500 948
695 223
650 124
329 585
24 268
770 252
906 826
224 193
641 654
936 666
73 320
659 96
370 282
142 860
425 781
812 10
491 375
362 522
678 257
910 777
179 399
773 332
371 353
408 524
701 967
146 757
602 401
713 256
510 524
942 273
394 880
218 482
258 334
263 798
688 815
585 83
972 864
199 798
849 226
186 514
892 525
433 387
515 245
205 525
640 284
960 194
105 623
973 752
766 901
220 400
966 114
5 891
725 330
238 839
854 368
954 119
49 238
728 473
874 279
725 937
262 984
399 403
594 518
608 270
570 273
555 395
762 117
582 493
685 977
323 162
151 600
461 175
273 149
460 715
513 844
733 778
835 996
664 761
785 776
799 265
850 44
297 316
665 365
800 229
749 321
437 28
265 878
293 839
327 479
592 996
317 536
863 370
228 546
199 744
641 938
534 253
275 596
337 727
504 614
311 87
435 767
822 577
270 462
656 569
599 862
241 353
851 247
208 463
524 912
888 483
344 928
722 486
520 109
24 343
481 900
624 919
938 134
347 740
211 259
201 426
574 488
227 461
629 60
989 324
456 89
190 599
648 550
229 33
437 217
474 104
73 370
630 169
439 338
343 505
331 690
148 631
512 545
370 453
48 421
33 316
787 106
374 463
495 824
13 608
63 414
314 783
524 485
20 569
325 680
919 469
172 135
757 602
231 267
73 956
823 580
943 61
785 814
483 384
167 705
917 56
738 144
797 968
677 929
656 700
417 411
511 684
1 550
89 616
329 892
725 759
752 430
894 962
535 561
866 221
813 943
377 398
656 473
935 102
58 762
245 108
478 559
611 33
589 611
522 478
922 503
73 641
614 262
399 559
448 863
271 499
333 428
37 580
184 575
707 733
358 412
904 646
64 905
326 480
438 81
862 382
285 600
898 591
932 674
367 175
801 549
261 669
403 276
213 744
59 781
814 874
268 314
563 127
140 43
469 974
102 5
88 758
670 508
196 428
232 580
19 520
989 85
553 280
387 757
733 540
791 447
163 441
330 41
852 785
381 899
587 871
987 883
564 336
610 982
643 573
444 81
597 933
288 902
967 112
160 241
922 798
520 930
184 61
290 133
454 9
952 141
949 590
871 855
430 682
268 586
994 869
926 493
899 938
95 833
595 399
400 5
903 928
8 593
407 243
593 66
197 932
968 339
639 216
903 333
746 246
592 213
525 737
808 227
776 203
373 212
640 620
318 221
48 696
646 816
524 966
452 515
549 692
729 219
364 680
399 880
637 698
555 850
2 661
367 785
88 988
527 434
122 585
861 221
505 840
979 219
533 115
213 165
898 511
936 816
857 59
979 597
314 960
728 69
147 428
487 889
296 57
184 167
607 987
418 8
110 118
725 223
123 389
721 108
312 967
841 374
634 988
511 456
28 638
76 2
533 115
620 312
18 542
588 687
145 549
578 564
83 733
792 191
37 465
43 196
308 314
566 98
866 840
38 620
385 391
66 870
323 877
250 802
348 47
480 447
132 331
503 523
813 0
183 671
197 874
473 521
688 826
717 935
206 426
406 703
820 158
479 332
138 78
317 330
144 112
176 346
494 938
494 705
958 589
214 980
864 485
430 310
746 949
154 385
258 759
34 667
778 465
886 520
774 987
624 981
660 85
262 365
73 286
795 372
164 455
721 64
570 814
526 248
477 126
464 469
873 395
573 541
69 795
587 430
986 640
209 511
443 130
720 842
57 626
10 30
922 650
821 826
422 120
164 395
453 664
195 126
632 17
828 777
43 584
403 979
835 88
970 604
218 348
362 991
204 667
471 509
804 66
254 659
81 687
317 459
639 161
432 592
91 125
204 602
342 228
385 898
445 816
521 688
635 605
823 296
796 948
325 98
847 810
151 161
214 352
62 203
933 732
594 335
85 204
7 190
716 634
682 591
619 483
576 910
468 386
635 735
461 538
170 500
245 928
220 999
330 695
121 449
605 917
709 616
43 938
338 55
712 808
617 591
634 782
212 859
911 743
259 658
908 112
993 782
612 175
410 649
273 943
691 23
82 391
134 886
184 18
185 626
534 89
570 621
958 733
849 907
978 97
82 124
389 59
533 67
431 419
340 651
910 948
752 898
760 0
224 829
602 297
104 42
139 297
538 557
834 90
619 298
520 378
492 601
916 615
379 552
538 576
454 378
671 595
772 333
467 355
512 410
227 474
347 477
265 196
28 403
627 84
238 748
709 655
454 22
556 78
944 529
449 170
109 969
733 504
251 798
111 476
1 559
567 241
685 333
286 678
692 700
268 21
190 140
726 61
859 542
650 471
286 681
192 653
916 429
423 166
489 247
520 983
280 410
683 148
332 671
285 83
239 115
875 521
246 903
493 774
256 533
882 396
890 222
915 309
376 352
383 970
769 237
467 272
440 391
691 380
146 695
138 311
193 300
578 677
596 961
272 664
608 648
975 457
104 818
239 550
468 944
178 655
953 44
347 667
349 288
395 568
293 336
993 887
821 44
469 77
827 69
594 757
824 985
118 587
532 362
567 797
773 480
619 306
131 503
172 836
212 699
502 89
703 904
638 517
967 742
185 460
998 489
111 299
499 630
138 222
145 362
70 524
718 413
703 590
397 379
90 71
464 627
377 222
709 841
622 86
700 238
290 998
682 927
899 172
613 475
760 389
533 285
763 8
243 458
498 368
785 692
753 776
141 989
855 977
595 296
75 14
215 264
540 41
980 820
394 150
723 42
20 941
275 697
295 53
593 379
879 900
164 462
917 339
880 748
5 534
22 928
363 345
908 193
74 590
22 52
8 788
584 265
58 753
158 952
903 191
467 164
811 477
298 637
891 932
93 12
823 314
71 415
601 684
888 572
9 603
285 138
674 161
681 483
69 70
172 614
24 979
173 490
882 63
23 620
861 919
718 817
889 992
765 527
353 729
878 85
660 260
741 260
659 123
777 101
282 55
631 193
108 115
916 224
383 839
783 689
833 193
674 520
774 917
435 925
791 365
507 649
705 404
282 812
423 693
76 482
556 657
84 316
649 196
844 978
295 161
334 654
978 948
706 523
523 301
85 581
384 69
114 579
969 424
111 47
578 562
519 542
376 215
703 746
866 163
640 588
518 888
808 471
948 797
892 913
899 515
262 435
342 851
871 543
683 131
226 344
408 792
517 117
154 30
860 192
603 210
4 699
303 256
888 338
364 136
708 123
747 980
396 866
359 653
663 881
777 786
918 757
85 618
827 156
701 489
783 786
480 751
900 626
583 582
460 841
908 978
740 871
247 43
513 343
750 621
813 470
112 937
846 944
686 564
380 21
366 637
636 523
254 300
285 325
850 158
902 545
138 741
755 176
226 396
314 350
775 65
558 841
107 123
488 438
70 682
84 159
449 469
143 320
191 599
843 881
339 923
324 518
64 975
970 770
185 189
684 435
830 899
621 958
591 28
430 243
152 376
992 699
817 854
340 678
249 362
904 209
303 738
976 220
340 922
287 474
672 191
201 537
407 753
519 954
648 273
5 594
578 354
971 951
916 292
110 606
207 619
195 281
937 78
71 110
569 667
966 546
314 624
686 790
335 509
263 535
441 118
289 393
360 700
322 534
563 298
147 927
125 436
941 805
271 220
317 674
628 183
714 305
204 76
263 596
968 45
921 99
151 806
198 218
804 74
24 228
149 164
453 420
239 67
460 130
75 367
614 274
759 8
527 824
698 559
880 775
184 515
98 346
254 301
376 370
947 440
633 581
964 511
921 936
938 483
220 363
905 860
822 499
807 668
529 445
103 899
220 341
914 837
565 782
434 944
995 956
202 330
274 230
988 751
451 240
472 551
560 196
518 566
873 320
209 830
326 419
600 551
369 264
666 958
518 957
598 923
107 486
580 708
350 218
411 103
735 640
47 381
116 818
950 818
827 574
304 609
647 710
937 805
345 78
573 138
874 523
654 241
331 378
709 650
394 846
539 172
49 699
810 64
380 64
141 772
751 498
648 451
514 938
949 241
618 153
789 204
189 914
152 575
265 517
201 160
889 700
672 257
893 855
757 828
909 658
54 719
11 806
165 911
42 420
489 176
486 405
240 226
489 680
30 88
927 667
628 802
160 274
439 211
807 646
428 461
947 804
510 471
25 366
779 664
708 703
545 342
571 216
656 215
861 960
884 897
355 96
498 765
641 580
204 397
923 853
387 918
121 995
48 289
326 64
759 420
963 16
120 678
691 292
371 431
938 726
696 269
919 655
728 203
827 660
403 252
581 711
495 317
907 802
857 289
903 310
20 814
363 577
587 484
91 934
348 478
30 471
660 697
216 661
633 257
687 496
319 467
368 626
442 109
278 253
141 98
78 45
549 634
993 456
814 261
111 354
207 704
516 542
244 184
922 342
600 939
604 227
421 903
241 552
546 938
61 657
792 880
680 441
848 955
641 417
228 389
203 988
417 41
97 799
646 927
257 678
635 974
307 473
265 827
69 990
450 88
836 64
613 665
561 38
24 495
789 366
10 495
986 807
492 629
968 454
763 337
729 512
934 412
610 87
422 348
830 592
438 387
784 425
384 446
829 879
74 817
955 317
163 536
410 849
942 568
30 936
986 275
950 58
795 595
164 776
273 358
73 434
954 447
828 781
887 781
191 897
944 221
375 849
181 339
190 164
514 470
542 120
789 329
492 318
695 773
582 200
5 668
266 791
435 968
733 50
820 914
829 832
304 375
908 590
362 917
113 100
612 307
348 274
793 726
238 257
695 504
587 788
112 826
981 988
235 490
142 954
812 744
858 400
388 331
590 161
542 297
921 711
56 3
957 35
634 870
58 830
230 94
248 710
867 901
158 509
744 25
924 836
898 220
377 756
738 693
530 597
182 124
48 319
490 266
428 502
995 510
802 523
72 893
632 284
13 169
849 606
125 674
50 265
35 442
463 394
885 1
675 350
750 721
539 441
671 740
230 183
457 658
924 394
321 39
911 786
768 193
98 394
134 63
188 591
915 612
97 556
818 379
222 136
874 925
286 697
625 358
902 890
95 605
586 168
621 354
946 194
697 682
948 95
847 237
127 825
925 521
977 215
691 807
486 752
733 435
29 891
990 290
817 540
11 100
985 1
761 448
892 18
427 31
645 239
885 312
614 979
582 515
924 918
133 841
823 105
924 232
388 562
753 693
729 256
550 858
701 936
791 567
897 101
476 180
847 487
714 229
381 986
474 302
334 71
277 958
902 568
618 216
951 764
230 699
909 730
703 476
778 875
533 242
750 736
965 623
743 226
636 326
121 601
788 303
643 748
902 568
838 415
380 502
338 827
913 905
590 479
704 901
76 100
654 252
263 70
397 17
642 446
845 904
814 116
225 714
663 282
196 324
276 420
390 646
841 132
383 345
698 409
702 138
55 912
318 123
199 395
86 609
938 965
459 72
895 352
749 290
334 861
163 318
923 826
675 229
519 570
442 729
317 287
988 862
126 762
281 90
586 675
877 305
268 292
930 224
424 287
819 731
419 544
39 979
903 350
344 311
930 179
432 803
18 154
584 86
439 200
740 253
36 307
173 853
204 671
884 350
965 87
832 82
196 705
965 525
285 42
177 711
716 833
708 980
165 304
387 101
636 372
385 200
690 357
779 570
558 809
766 780
835 172
448 491
731 586
831 161
56 124
514 234
722 393
538 449
611 612
556 104
587 283
750 647
408 800
115 739
397 912
197 64
230 864
238 985
229 528
739 604
349 312
726 587
25 854
278 76
423 954
109 339
198 905
574 533
161 925
704 749
615 334
20 876
128 201
407 905
359 958
868 48
279 536
649 247
539 726
316 323
597 510
283 809
906 97
757 560
449 234
167 492
910 728
535 814
856 610
646 590
363 218
718 883
978 106
121 961
733 747
185 537
506 333
169 974
27 441
519 179
381 730
652 963
864 681
770 168
343 48
841 245
566 926
117 431
891 185
824 494
323 610
495 849
34 98
340 607
5 115
72 602
16 577
954 534
591 791
769 992
475 357
130 649
716 703
430 794
669 842
482 417
888 375
804 569
447 346
352 40
172 636
277 577
838 755
838 146
137 820
792 977
896 551
117 287
257 673
347 14
813 119
533 791
602 294
779 764
495 623
400 868
884 159
920 164
324 597
156 43
928 349
364 494
713 386
271 786
313 616
290 865
542 382
859 131
820 330
760 453
54 695
505 639
449 122
983 56
397 506
183 836
249 566
695 45
90 728
340 719
319 719
406 325
836 330
584 490
121 680
976 770
703 485
327 463
150 967
117 7
38 967
36 186
144 26
847 401
199 871
848 362
705 811
571 200
116 992
170 895
231 44
981 654
982 846
733 837
585 43
462 462
666 326
599 32
617 487
967 382
414 874
310 462
585 600
709 781
385 571
915 719
88 194
981 997
392 709
480 759
740 586
142 345
85 277
11 387
800 127
379 159
744 261
827 783
973 506
872 239
776 199
471 758
377 350
610 378
72 598
868 105
925 392
930 228
796 464
245 566
656 367
584 898
987 693
802 490
703 220
401 772
556 24
300 127
223 795
490 363
467 805
932 231
310 56
348 428
331 321
833 502
823 962
808 682
354 749
928 363
468 435
618 711
18 443
596 982
508 302
704 459
484 54
77 499
452 311
538 883
788 862
514 326
575 990
937 667
218 281
705 149
920 596
777 908
349 947
811 241
773 611
752 622
527 478
299 732
187 929
615 446
157 930
853 851
934 333
118 169
638 822
689 508
584 56
593 623
385 948
886 401
158 30
967 144
969 841
329 932
911 666
199 177
594 753
590 504
894 428
619 440
186 727
883 38
133 30
510 979
291 219
889 36
498 834
455 901
13 369
836 583
124 885
270 529
318 24
976 922
444 383
196 972
947 912
604 884
782 176
316 334
654 250
552 902
359 268
214 393
184 892
304 466
62 464
952 592
117 218
312 701
765 298
469 81
69 621
375 444
142 796
544 619
438 751
326 474
512 232
359 568
557 469
392 912
537 373
626 940
340 387
985 284
211 904
514 187
10 11
721 594
785 92
812 78
240 302
632 421
168 90
286 606
672 384
793 118
328 249
670 823
30 360
728 939
19 222
944 206
696 133
382 169
578 20
254 443
232 625
569 242
85 110
247 543
542 394
974 80
377 695
426 79
551 891
193 703
961 16
74 102
603 959
145 166
775 634
697 502
392 6
583 678
345 319
742 40
818 165
197 273
470 405
897 462
652 690
208 708
960 322
875 144
214 45
159 133
930 304
113 995
558 208
827 820
257 346
848 691
985 384
639 734
845 829
559 618
721 337
776 941
718 592
553 318
245 884
916 152
112 131
882 70
350 20
308 513
113 27
599 301
246 452
283 770
816 316
729 421
297 722
926 686
238 741
720 453
701 655
363 910
350 431
25 251
843 877
844 697
229 942
905 770
325 399
419 705
140 742
921 85
144 203
949 693
659 166
786 257
49 203
337 641
366 688
488 375
897 351
624 447
905 182
385 759
243 788
508 33
997 254
773 325
506 287
618 315
810 15
253 303
414 226
418 573
205 993
165 388
285 14
883 199
441 824
867 782
427 831
498 355
999 273
359 304
460 371
185 854
304 187
379 521
646 938
273 791
847 319
611 415
938 927
819 78
945 560
219 748
154 860
64 686
470 956
965 516
450 898
726 754
999 480
530 164
528 878
795 811
655 502
142 276
773 92
329 0
437 866
894 502
491 536
611 883
270 40
714 268
326 400
564 699
956 400
717 221
270 659
60 60
467 2
874 736
449 188
236 288
336 626
342 454
810 638
22 561
370 388
242 924
815 537
320 571
627 352
760 126
260 812
151 126
382 727
11 261
650 960
142 714
824 515
665 409
636 723
638 201
272 139
882 399
646 962
109 961
368 972
703 805
278 861
625 558
155 632
613 880
357 366
12 347
303 266
610 348
397 65
39 378
450 856
940 243
489 13
832 879
191 479
439 652
377 906
782 840
336 274
613 182
989 393
337 231
258 451
861 937
935 46
940 14
254 112
86 547
476 57
261 81
596 647
642 977
937 727
873 215
479 953
606 1
375 901
834 705
454 498
846 950
576 374
546 393
870 183
939 275
169 407
455 492
882 430
158 366
849 993
935 520
53 809
356 790
702 799
267 838
285 931
201 277
820 787
421 976
167 944
359 479
23 621
499 227
655 753
158 233
765 451
332 550
943 45
75 490
758 9
855 217
660 25
627 36
366 195
521 847
309 696
886 931
623 598
45 243
285 419
102 100
233 818
443 102
119 162
487 727
932 58
867 23
143 209
46 510
642 769
337 841
356 204
692 995
783 102
936 712
90 826
194 365
730 705
657 715
730 372
300 115
259 515
275 403
329 767
400 166
789 401
145 730
176 590
222 507
827 57
289 373
112 40
31 447
748 132
857 442
299 671
351 576
584 346
170 482
728 230
908 530
906 248
183 495
157 746
46 303
310 60
708 431
156 146
815 821
778 487
808 798
584 743
451 772
766 890
725 615
871 948
390 533
573 97
517 764
951 782
818 403
940 386
844 961
834 548
416 629
888 534
850 316
652 759
371 314
298 447
376 687
281 467
283 595
355 768
440 932
410 796
973 547
226 864
150 863
918 889
269 682
250 534
731 224
323 884
957 205
670 965
734 358
788 152
301 903
40 282
371 396
217 345
587 924
435 872
326 87
948 175
138 232
966 746
342 853
720 210
653 187
449 457
188 479
170 375
338 591
974 873
523 463
882 473
96 64
171 112
663 634
552 728
779 194
893 583
704 695
536 989
285 119
444 446
934 334
264 179
284 998
620 963
20 546
775 191
945 228
79 780
270 199
966 833
740 190
261 327
260 595
464 465
26 988
301 865
767 696
51 818
513 648
603 84
649 512
661 585
912 492
586 806
7 631
969 214
378 927
745 192
847 421
986 649
665 480
776 148
996 297
197 574
284 905
105 350
847 726
256 489
131 197
1 860
949 41
319 306
767 809
678 958
845 168
987 178
181 462
480 485
480 356
883 348
385 229
818 191
425 599
349 204
501 689
239 945
101 207
650 258
409 832
671 3
594 769
423 632
858 922
321 744
665 157
840 471
69 280
160 138
829 424
710 358
18 317
497 169
858 549
824 186
491 464
72 93
993 867
994 582
884 48
0 367
681 754
210 453
442 270
314 356
837 125
623 170
94 830
74 225
90 360
387 286
409 813
78 31
71 834
512 994
951 940
16 656
276 772
372 488
46 699
41 879
149 936
742 518
845 22
214 868
303 11
0 426
607 203
141 125
327 388
989 222
232 113
566 198
743 114
650 957
532 99
963 817
955 360
670 380
612 90
26 814
909 59
995 537
618 22
975 636
102 810
180 31
649 989
4 93
206 229
415 40
584 218
932 390
192 983
875 160
798 639
193 396
465 620
120 264
956 570
810 807
720 3
203 897
752 931
17 34
261 572
697 852
998 100
430 280
99 521
864 40
758 871
639 872
287 65
123 747
387 307
402 106
8 376
308 863
600 863
775 120
567 48
370 871
890 309
80 293
390 660
859 718
82 16
817 504
523 270
352 142
690 326
714 234
187 464
325 518
125 29
914 587
905 648
95 819
361 401
995 800
78 825
318 672
85 117
355 744
192 17
250 629
629 869
534 745
189 301
256 507
99 146
558 159
182 294
116 789
509 892
69 662
335 878
262 616
460 1
31 610
667 643
927 155
56 261
403 798
993 651
954 879
518 288
752 425
499 702
117 528
684 771
346 233
876 87
151 74
561 546
3 764
487 674
969 373
231 642
772 986
396 655
487 745
355 524
996 540
460 413
222 18
785 800
780 679
154 607
909 156
314 778
819 649
969 714
518 255
503 225
886 290
554 540
99 276
372 874
724 437
5 582
699 749
264 776
578 652
308 363
508 728
105 855
922 926
669 942
400 309
443 484
372 595
438 535
754 971
607 422
63 526
489 710
824 758
773 280
77 754
391 670
640 859
948 524
300 198
175 419
172 66
638 928
482 145
829 900
216 211
615 460
814 853
117 609
600 9
693 210
811 23
591 261
301 769
334 237
622 453
50 636
111 523
758 266
821 966
683 510
65 824
976 81
207 741
84 714
601 769
530 283
56 6
672 163
223 766
836 29
275 263
218 286
923 260
103 36
832 600
755 265
120 901
327 335
566 539
75 694
422 396
202 664
719 747
525 165
105 565
976 938
376 345
853 221
597 49
835 643
127 554
882 755
579 615
998 67
397 913
470 584
778 756
608 499
500 667
291 838
993 948
88 775
496 525
125 979
136 957
703 852
815 64
348 165
556 635
723 498
227 189
792 796
882 230
312 538
260 161
181 315
673 981
86 904
359 130
39 159
674 70
496 33
780 583
556 733
457 202
352 534
841 587
38 487
90 718
110 463
250 633
112 696
942 692
528 673
498 305
182 403
62 574
817 936
849 922
663 679
692 211
347 837
581 149
780 629
367 39
54 144
442 952
616 968
61 959
289 382
524 584
575 475
247 114
470 92
266 365
289 214
930 65
575 849
803 633
909 241
907 158
13 768
241 689
688 375
424 136
989 427
234 626
366 68
595 341
699 856
219 956
189 967
991 831
529 807
565 82
454 936
266 520
981 778
179 80
29 186
964 669
168 220
807 251
270 930
116 197
332 274
449 180
232 957
271 762
555 732
202 197
571 270
906 374
748 644
346 881
867 741
525 975
911 341
136 303
396 432
351 36
653 741
264 688
869 229
110 358
451 379
275 612
240 501
462 871
733 0
516 425
357 531
614 21
333 2
119 43
980 754
921 839
307 788
211 12
690 19
448 894
827 655
902 917
207 12
138 133
52 700
885 683
848 97
541 922
461 559
923 594
633 974
316 266
280 853
878 973
264 649
425 624
433 646
463 171
47 237
249 694
54 995
376 235
552 490
53 529
629 928
549 641
672 301
773 681
386 979
462 717
38 966
804 30
896 562
137 811
514 596
873 28
669 329
345 485
968 482
881 591
904 697
787 754
309 821
624 487
60 562
814 515
918 364
807 925
476 193
720 816
261 198
772 91
943 266
957 542
645 471
439 352
739 310
417 507
51 954
728 729
658 861
554 528
725 543
356 136
594 390
25 318
612 295
783 793
374 265
15 529
227 178
9 431
360 260
82 864
839 247
851 355
425 850
719 938
878 156
440 853
12 885
391 601
634 738
534 392
496 412
652 82
21 114
148 386
269 389
594 819
389 953
300 689
603 164
64 44
239 879
888 686
688 961
710 950
572 259
974 725
504 174
583 574
840 768
877 491
884 94
678 154
752 172
566 566
278 407
258 122
593 139
254 560
385 400
987 464
390 863
473 188
530 819
868 0
136 571
726 375
355 60
201 952
493 538
287 791
597 207
784 912
763 565
719 263
715 981
169 627
211 394
387 177
859 31
888 764
704 877
692 466
757 577
719 713
951 186
441 793
131 904
678 803
663 920
263 823
370 204
573 532
464 511
418 119
301 198
174 182
613 530
635 231
750 642
285 346
252 134
577 653
975 62
329 998
674 632
34 843
650 161
466 685
145 139
553 907
54 532
403 419
419 999
822 291
91 412
919 46
933 418
627 642
154 77
405 438
151 811
